[ui-tour/search-tour]
version = 8.1.0
modtime = 1606520622.921035000

[ui-tour/adddata-tour%3Aenterprise]
version = 8.1.0
modtime = 1606552209.281395000

[savedsearches/testing]
version = 8.1.0
modtime = 1606555931.384099000
